impairment_id	loan_id	AssesmentDate	stage	expected credit loss 	Provision amount
imp456	lid3456	10/11/2020	1	43434	50000
imp457	lid3457	10/12/2020	2	43435	60000
imp458	lid3458	11/13/2020	3	43436	800080
imp459	lid3459	11/14/2020	1	43437	1053440
imp460	lid3460	11/15/2020	2	43438	1428480
imp461	lid3461	8/16/2020	3	43439	1803520
imp462	lid3462	8/17/2020	1	43440	2178560
imp463	lid3463	8/18/2020	2	43441	2553600
imp464	lid3464	9/19/2020	3	43442	2928640
imp465	lid3465	9/20/2020	1	43443	3303680
imp466	lid3466	9/21/2020	2	43444	3678720
imp467	lid3467	9/22/2020	3	43445	4053760


payment_id	loan_id	payment_date	payment_amount
45678	lid3456	10/11/2020	50000
45679	lid3457	10/12/2020	60000
45680	lid3458	11/13/2020	800080
45681	lid3459	11/14/2020	1053440
45682	lid3460	11/15/2020	1428480
45683	lid3461	8/16/2020	1803520
45684	lid3462	8/17/2020	2178560
45685	lid3463	8/18/2020	2553600
45686	lid3464	9/19/2020	2928640
45687	lid3465	9/20/2020	3303680
45688	lid3466	9/21/2020	3678720
45689	lid3467	9/22/2020	4053760


impairment_id	loan_id	impairment_type	impairment_amount	impairment_date
imp456	lid3456	Credit Risk	50000	10/11/2020
imp457	lid3457	Market Risk	60000	10/12/2020
imp458	lid3458	Operational Risk	800080	11/13/2020
imp459	lid3459	Credit Risk	1053440	11/14/2020
imp460	lid3460	Market Risk	1428480	11/15/2020
imp461	lid3461	Operational Risk	1803520	8/16/2020
imp462	lid3462	Credit Risk	2178560	8/17/2020
imp463	lid3463	Market Risk	2553600	8/18/2020
imp464	lid3464	Operational Risk	2928640	9/19/2020
imp465	lid3465	Credit Risk	3303680	9/20/2020
imp466	lid3466	Market Risk	3678720	9/21/2020
imp467	lid3467	Operational Risk	4053760	9/22/2020

loan_id	customer_id	loan_amount	interest_rate	loan_start_date	loan_end_date
lid3456	test1	50000	2	10/11/1999	10/11/2020
lid3457	test2	60000	3	10/12/1999	10/12/2020
lid3458	test3	800080	4	10/13/1999	10/13/2020
lid3459	test4	1053440	2	10/14/1999	10/14/2020
lid3460	test5	1428480	3	10/15/1999	10/15/2020
lid3461	test6	1803520	4	10/16/1999	10/16/2020
lid3462	test7	2178560	2	10/17/1999	10/17/2020
lid3463	test8	2553600	3	10/18/1999	10/18/2020
lid3464	test9	2928640	4	10/19/1999	10/19/2020
lid3465	test10	3303680	2	10/20/1999	10/20/2020
lid3466	test11	3678720	3	10/21/1999	10/21/2020
lid3467	test12	4053760	4	10/22/1999	10/22/2020


impairment_id	loan_id	AssesmentDate	stage	expected credit loss 	Provision amount
imp456	lid3456	10/11/2020	1	43434	50000
imp457	lid3457	10/12/2020	2	43435	60000
imp458	lid3458	11/13/2020	3	43436	800080
imp459	lid3459	11/14/2020	1	43437	1053440
imp460	lid3460	11/15/2020	2	43438	1428480
imp461	lid3461	8/16/2020	3	43439	1803520
imp462	lid3462	8/17/2020	1	43440	2178560
imp463	lid3463	8/18/2020	2	43441	2553600
imp464	lid3464	9/19/2020	3	43442	2928640
imp465	lid3465	9/20/2020	1	43443	3303680
imp466	lid3466	9/21/2020	2	43444	3678720
imp467	lid3467	9/22/2020	3	43445	4053760
